,id,age
0,686,1.3373576
1,687,1.3373576
2,688,1.3373576
3,689,1.3373576
4,690,1.3373576
5,691,1.3373576
6,692,1.3373576
7,693,1.3373576
8,694,1.3373576
9,695,1.3373576
10,696,1.3373576
11,697,1.3373576
12,698,1.3373576
13,699,1.3373576
14,700,1.3373576
15,701,1.3373576
16,702,1.3373576
17,703,1.3373576
18,704,1.3373576
19,705,1.3373576
20,706,1.3373576
21,707,1.3373576
22,708,1.3373576
23,709,1.3373576
24,710,1.3373576
25,711,1.3373576
26,712,1.3373576
27,713,1.3373576
28,714,1.3373576
29,715,1.3373576
30,716,1.3373576
31,717,1.3373576
32,718,1.3373576
33,719,1.3373576
34,720,1.3373576
35,721,1.3373576
36,722,1.3373576
37,723,1.3373576
38,724,1.3373576
39,725,1.3373576
40,726,1.3373576
41,727,1.3373576
42,728,1.3373576
43,729,1.3373576
44,730,1.3373576
45,731,1.3373576
46,732,1.3373576
47,733,1.3373576
48,734,1.3373576
49,735,1.3373576
50,736,1.3373576
51,737,1.3373576
52,738,1.3373576
53,739,1.3373576
54,740,1.3373576
55,741,1.3373576
56,742,1.3373576
57,743,1.3373576
58,744,1.3373576
59,745,1.3373576
60,746,1.3373576
61,747,1.3373576
62,748,1.3373576
63,749,1.3373576
64,750,1.3373576
65,751,1.3373576
66,752,1.3373576
67,753,1.3373576
68,754,1.3373576
69,755,1.3373576
70,756,1.3373576
71,757,1.3373576
72,758,1.3373576
73,759,1.3373576
74,760,1.3373576
75,761,1.3373576
76,762,1.3373576
77,763,1.3373576
78,764,1.3373576
79,765,1.3373576
80,766,1.3373576
81,767,1.3373576
82,768,1.3373576
83,769,1.3373576
84,770,1.3373576
85,771,1.3373576
86,772,1.3373576
87,773,1.3373576
88,774,1.3373576
89,775,1.3373576
90,776,1.3373576
91,777,1.3373576
92,778,1.3373576
93,779,1.3373576
94,780,1.3373576
95,781,1.3373576
96,782,1.3373576
97,783,1.3373576
98,784,1.3373576
99,785,1.3373576
100,786,1.3373576
101,787,1.3373576
102,788,1.3373576
103,789,1.3373576
104,790,1.3373576
105,791,1.3373576
106,792,1.3373576
107,793,1.3373576
108,794,1.3373576
109,795,1.3373576
110,796,1.3373576
111,797,1.3373576
112,798,1.3373576
113,799,1.3373576
114,800,1.3373576
115,801,1.3373576
116,802,1.3373576
117,803,1.3373576
118,804,1.3373576
119,805,1.3373576
120,806,1.3373576
121,807,1.3373576
122,808,1.3373576
123,809,1.3373576
124,810,1.3373576
125,811,1.3373576
126,812,1.3373576
127,813,1.3373576
128,814,1.3373576
129,815,1.3373576
130,816,1.3373576
131,817,1.3373576
132,818,1.3373576
133,819,1.3373576
134,820,1.3373576
135,821,1.3373576
136,822,1.3373576
137,823,1.3373576
138,824,1.3373576
139,825,1.3373576
140,826,1.3373576
141,827,1.3373576
142,828,1.3373576
143,829,1.3373576
144,830,1.3373576
145,831,1.3373576
146,832,1.3373576
147,833,1.3373576
148,834,1.3373576
149,835,1.3373576
150,836,1.3373576
151,837,1.3373576
152,838,1.3373576
153,839,1.3373576
154,840,1.3373576
155,841,1.3373576
156,842,1.3373576
157,843,1.3373576
158,844,1.3373576
159,845,1.3373576
160,846,1.3373576
161,847,1.3373576
162,848,1.3373576
163,849,1.3373576
164,850,1.3373576
165,851,1.3373576
166,852,1.3373576
167,853,1.3373576
168,854,1.3373576
169,855,1.3373576
170,856,1.3373576
171,857,1.3373576
172,858,1.3373576
173,859,1.3373576
174,860,1.3373576
175,861,1.3373576
176,862,1.3373576
177,863,1.3373576
178,864,1.3373576
179,865,1.3373576
180,866,1.3373576
181,867,1.3373576
182,868,1.3373576
183,869,1.3373576
184,870,1.3373576
185,871,1.3373576
186,872,1.3373576
187,873,1.3373576
188,874,1.3373576
189,875,1.3373576
190,876,1.3373576
191,877,1.3373576
192,878,1.3373576
193,879,1.3373576
194,880,1.3373576
195,881,1.3373576
196,882,1.3373576
197,883,1.3373576
198,884,1.3373576
199,885,1.3373576
200,886,1.3373576
201,887,1.3373576
202,888,1.3373576
203,889,1.3373576
204,890,1.3373576
205,891,1.3373576
206,892,1.3373576
207,893,1.3373576
208,894,1.3373576
209,895,1.3373576
210,896,1.3373576
211,897,1.3373576
212,898,1.3373576
213,899,1.3373576
214,900,1.3373576
215,901,1.3373576
216,902,1.3373576
217,903,1.3373576
218,904,1.3373576
219,905,1.3373576
220,906,1.3373576
221,907,1.3373576
222,908,1.3373576
223,909,1.3373576
224,910,1.3373576
225,911,1.3373576
226,912,1.3373576
227,913,1.3373576
228,914,1.3373576
229,915,1.3373576
230,916,1.3373576
231,917,1.3373576
232,918,1.3373576
233,919,1.3373576
234,920,1.3373576
235,921,1.3373576
236,922,1.3373576
237,923,1.3373576
238,924,1.3373576
239,925,1.3373576
240,926,1.3373576
241,927,1.3373576
242,928,1.3373576
243,929,1.3373576
244,930,1.3373576
245,931,1.3373576
246,932,1.3373576
247,933,1.3373576
248,934,1.3373576
249,935,1.3373576
250,936,1.3373576
251,937,1.3373576
252,938,1.3373576
253,939,1.3373576
254,940,1.3373576
255,941,1.3373576
256,942,1.3373576
257,943,1.3373576
258,944,1.3373576
259,945,1.3373576
260,946,1.3373576
261,947,1.3373576
262,948,1.3373576
263,949,1.3373576
264,950,1.3373576
265,951,1.3373576
266,952,1.3373576
267,953,1.3373576
268,954,1.3373576
269,955,1.3373576
270,956,1.3373576
271,957,1.3373576
272,958,1.3373576
273,959,1.3373576
274,960,1.3373576
275,961,1.3373576
276,962,1.3373576
277,963,1.3373576
278,964,1.3373576
279,965,1.3373576
280,966,1.3373576
281,967,1.3373576
282,968,1.3373576
283,969,1.3373576
284,970,1.3373576
285,971,1.3373576
286,972,1.3373576
287,973,1.3373576
288,974,1.3373576
289,975,1.3373576
290,976,1.3373576
291,977,1.3373576
292,978,1.3373576
293,979,1.3373576
294,980,1.3373576
295,981,1.3373576
296,982,1.3373576
297,983,1.3373576
298,984,1.3373576
299,985,1.3373576
300,986,1.3373576
301,987,1.3373576
302,988,1.3373576
303,989,1.3373576
304,990,1.3373576
305,991,1.3373576
306,992,1.3373576
307,993,1.3373576
308,994,1.3373576
309,995,1.3373576
310,996,1.3373576
311,997,1.3373576
312,998,1.3373576
313,999,1.3373576
314,1000,1.3373576
315,1001,1.3373576
