,id,age
0,686,0.7195252
1,687,0.6787277
2,688,0.64263433
3,689,0.6962284
4,690,0.6911315
5,691,0.7465347
6,692,0.66951865
7,693,0.65743333
8,694,0.7319809
9,695,0.7340786
10,696,0.6744615
11,697,0.7190658
12,698,0.7474514
13,699,0.7025053
14,700,0.65912795
15,701,0.74345464
16,702,0.6925226
17,703,0.7479652
18,704,0.7259841
19,705,0.6882521
20,706,0.7305478
21,707,0.6927862
22,708,0.689004
23,709,0.65016437
24,710,0.7273451
25,711,0.67060304
26,712,0.7107404
27,713,0.7056245
28,714,0.7011458
29,715,0.73344535
30,716,0.6713195
31,717,0.7135787
32,718,0.6293978
33,719,0.7315643
34,720,0.73666173
35,721,0.7197878
36,722,0.7858944
37,723,0.68485254
38,724,0.65280885
39,725,0.6555025
40,726,0.81893134
41,727,0.72159475
42,728,0.6168146
43,729,0.7144667
44,730,0.713259
45,731,0.6670476
46,732,0.6264628
47,733,0.63618183
48,734,0.66760385
49,735,0.73968124
50,736,0.6718006
51,737,0.66188383
52,738,0.6604314
53,739,0.7073455
54,740,0.58210206
55,741,0.71068984
56,742,0.6554549
57,743,0.71334773
58,744,0.6077391
59,745,0.6781555
60,746,0.72603405
61,747,0.6609737
62,748,0.63462144
63,749,0.6926504
64,750,0.67648154
65,751,0.6718315
66,752,0.65292025
67,753,0.6440971
68,754,0.6385268
69,755,0.7309344
70,756,0.68050843
71,757,0.6753546
72,758,0.6825879
73,759,0.6967677
74,760,0.6922474
75,761,0.74444723
76,762,0.7158866
77,763,0.6237471
78,764,0.72133934
79,765,0.72993314
80,766,0.609615
81,767,0.67378885
82,768,0.62856
83,769,0.70016104
84,770,0.6727247
85,771,0.73888963
86,772,0.70557636
87,773,0.65201145
88,774,0.7487099
89,775,0.6908014
90,776,0.7914192
91,777,0.71025896
92,778,0.6483512
93,779,0.57543147
94,780,0.6594255
95,781,0.65378445
96,782,0.72089386
97,783,0.6858178
98,784,0.6946448
99,785,0.6501505
100,786,0.65524817
101,787,0.6827285
102,788,0.6812203
103,789,0.7009426
104,790,0.655686
105,791,0.6953999
106,792,0.6963093
107,793,0.73009187
108,794,0.7165609
109,795,0.6521613
110,796,0.6582104
111,797,0.67421263
112,798,0.5909777
113,799,0.7322654
114,800,0.6013546
115,801,0.6374406
116,802,0.7757416
117,803,0.6711984
118,804,0.6893216
119,805,0.6673687
120,806,0.64873517
121,807,0.71028215
122,808,0.6654919
123,809,0.69099134
124,810,0.63539785
125,811,0.6010879
126,812,0.73008984
127,813,0.70718706
128,814,0.6099848
129,815,0.66401106
130,816,0.6836433
131,817,0.63042635
132,818,0.6966827
133,819,0.6650722
134,820,0.75705636
135,821,0.7259028
136,822,0.55824447
137,823,0.635127
138,824,0.62624544
139,825,0.6788445
140,826,0.6988914
141,827,0.7045483
142,828,0.7110951
143,829,0.66782874
144,830,0.6394835
145,831,0.65218705
146,832,0.6593143
147,833,0.6382768
148,834,0.7357308
149,835,0.5768757
150,836,0.6659891
151,837,0.5444184
152,838,0.6620621
153,839,0.65452373
154,840,0.6161762
155,841,0.6638817
156,842,0.60969967
157,843,0.6642469
158,844,0.667646
159,845,0.63979405
160,846,0.684868
161,847,0.72402304
162,848,0.6606902
163,849,0.7231448
164,850,0.6690781
165,851,0.83079445
166,852,0.6469419
167,853,0.61310065
168,854,0.64644384
169,855,0.62601966
170,856,0.7046333
171,857,0.6672655
172,858,0.669803
173,859,0.6893244
174,860,0.594876
175,861,0.6721793
176,862,0.6713406
177,863,0.6794251
178,864,0.7636482
179,865,0.7081078
180,866,0.7196287
181,867,0.73924905
182,868,0.6771892
183,869,0.677321
184,870,0.6299004
185,871,0.6359902
186,872,0.6507264
187,873,0.72281504
188,874,0.6865676
189,875,0.65092856
190,876,0.67760557
191,877,0.67242
192,878,0.7013901
193,879,0.6699494
194,880,0.63395905
195,881,0.6997424
196,882,0.72419673
197,883,0.6862952
198,884,0.6016876
199,885,0.597309
200,886,0.633179
201,887,0.59222597
202,888,0.7144973
203,889,0.72852844
204,890,0.6876139
205,891,0.70550114
206,892,0.71400297
207,893,0.5703206
208,894,0.66863793
209,895,0.656523
210,896,0.6724807
211,897,0.6569038
212,898,0.6463106
213,899,0.76385695
214,900,0.6620599
215,901,0.71494925
216,902,0.59907764
217,903,0.6638587
218,904,0.6227904
219,905,0.67690825
220,906,0.7583029
221,907,0.6726078
222,908,0.73498315
223,909,0.7454878
224,910,0.69102305
225,911,0.72660005
226,912,0.73096544
227,913,0.6296814
228,914,0.67738396
229,915,0.5974775
230,916,0.68822527
231,917,0.69568425
232,918,0.6727603
233,919,0.7265543
234,920,0.4536628
235,921,0.6619244
236,922,0.702669
237,923,0.69896173
238,924,0.6942388
239,925,0.6935229
240,926,0.6382803
241,927,0.69458014
242,928,0.7261318
243,929,0.6919859
244,930,0.6599416
245,931,0.73274654
246,932,0.62622154
247,933,0.7209074
248,934,0.69819766
249,935,0.68805575
250,936,0.6917651
251,937,0.6503539
252,938,0.73339635
253,939,0.7524964
254,940,0.6937742
255,941,0.69768274
256,942,0.72975695
257,943,0.60317045
258,944,0.7025015
259,945,0.716958
260,946,0.65811116
261,947,0.7228385
262,948,0.7576417
263,949,0.6942995
264,950,0.726252
265,951,0.6053293
266,952,0.66843987
267,953,0.71955156
268,954,0.6872044
269,955,0.66910654
270,956,0.6995168
271,957,0.6605886
272,958,0.7289476
273,959,0.6604962
274,960,0.7743614
275,961,0.61957705
276,962,0.6432197
277,963,0.6342684
278,964,0.6420804
279,965,0.7246335
280,966,0.7137963
281,967,0.721523
282,968,0.7102279
283,969,0.65067005
284,970,0.6961765
285,971,0.6727471
286,972,0.626041
287,973,0.73449504
288,974,0.57073253
289,975,0.6237623
290,976,0.62063307
291,977,0.73653936
292,978,0.5998778
293,979,0.7060024
294,980,0.6654741
295,981,0.6828403
296,982,0.6777598
297,983,0.67257684
298,984,0.6496326
299,985,0.68613636
300,986,0.6772865
301,987,0.6924215
302,988,0.6904153
303,989,0.691819
304,990,0.7092119
305,991,0.6059094
306,992,0.6724789
307,993,0.6513338
308,994,0.6741573
309,995,0.67633235
310,996,0.6920157
311,997,0.7142145
312,998,0.669109
313,999,0.76457125
314,1000,0.6664616
315,1001,0.7000451
