id,age
686,19.01473
687,17.78296
688,17.981424
689,20.401285
690,23.835041
691,13.499241
692,26.564562
693,19.452528
694,22.054241
695,18.75728
696,16.739662
697,21.248602
698,17.013224
699,17.581615
700,15.841842
701,18.48503
702,22.274931
703,20.485239
704,17.111048
705,15.978806
706,17.945328
707,13.66711
708,22.147163
709,21.437193
710,15.950398
711,15.585819
712,21.304008
713,18.71202
714,17.69463
715,17.639744
716,19.5631
717,19.728703
718,12.187804
719,20.69826
720,15.15547
721,16.316828
722,26.434782
723,16.35772
724,22.648546
725,16.330008
726,25.703436
727,22.235668
728,15.683885
729,18.565369
730,14.503639
731,16.883043
732,18.502823
733,17.89808
734,19.069073
735,20.353544
736,17.158394
737,19.529259
738,14.694367
739,18.63732
740,17.163149
741,18.819107
742,16.80596
743,16.187212
744,16.55951
745,21.974289
746,23.854504
747,19.088627
748,15.663265
749,15.610762
750,15.655645
751,19.546022
752,22.057882
753,24.27744
754,22.688381
755,21.286747
756,22.580507
757,16.735445
758,16.169222
759,14.302902
760,17.64119
761,21.799406
762,20.864908
763,17.735798
764,17.867477
765,20.07969
766,16.29165
767,13.896105
768,16.539429
769,17.751102
770,19.113205
771,24.317125
772,16.452137
773,17.415491
774,19.647589
775,17.182867
776,15.104597
777,15.730502
778,16.271755
779,18.088387
780,12.949137
781,16.019768
782,22.53524
783,16.659576
784,23.90372
785,23.509203
786,16.635994
787,17.494898
788,17.318037
789,17.092293
790,17.324005
791,20.228285
792,23.406637
793,19.365185
794,17.289948
795,23.175062
796,19.954802
797,16.654854
798,25.334864
799,16.614218
800,21.423826
801,15.396119
802,29.3898
803,14.562331
804,20.206886
805,16.885939
806,18.307362
807,20.789087
808,14.1310835
809,20.378181
810,16.63166
811,13.9324465
812,18.584898
813,20.078806
814,16.741625
815,23.749557
816,21.376123
817,19.598787
818,20.89116
819,20.576635
820,19.802416
821,27.319305
822,18.554731
823,17.83902
824,15.908988
825,22.06771
826,19.308386
827,16.47087
828,20.46719
829,21.903934
830,21.221733
831,17.270046
832,31.600578
833,23.647505
834,18.221626
835,14.135729
836,20.935642
837,13.307847
838,18.501692
839,14.511061
840,18.310982
841,15.633291
842,13.574424
843,16.373377
844,18.814156
845,12.869778
846,19.414457
847,17.665327
848,19.550903
849,18.502028
850,12.120771
851,27.971094
852,14.960629
853,16.586277
854,14.725191
855,14.861299
856,17.674383
857,21.371672
858,28.207058
859,19.032143
860,22.841919
861,17.2103
862,11.787797
863,17.811295
864,18.864155
865,15.33348
866,16.52283
867,18.279337
868,24.536554
869,19.806696
870,20.471071
871,16.607506
872,13.807355
873,24.675941
874,13.958016
875,22.095432
876,17.290993
877,16.29267
878,17.12775
879,18.182495
880,14.427747
881,14.333122
882,24.461864
883,16.30836
884,15.513676
885,12.269848
886,19.913288
887,14.589995
888,19.03653
889,21.781944
890,17.407322
891,23.372179
892,18.319698
893,16.238766
894,16.948027
895,19.826017
896,15.361129
897,16.14177
898,18.243555
899,23.230457
900,21.763386
901,18.924212
902,12.686338
903,18.984512
904,16.7159
905,20.187193
906,19.90187
907,14.56556
908,14.693353
909,18.28412
910,19.864983
911,27.044798
912,24.258759
913,12.61901
914,18.196348
915,19.906982
916,16.728472
917,13.174304
918,24.589373
919,16.93872
920,15.909829
921,15.979418
922,17.87938
923,19.92456
924,17.55262
925,16.153973
926,14.028357
927,18.127542
928,18.603941
929,19.561462
930,21.906992
931,13.850245
932,14.593415
933,17.603233
934,20.0319
935,19.568054
936,17.778503
937,16.193995
938,17.721762
939,14.782926
940,13.65369
941,21.668116
942,25.608908
943,16.351091
944,18.865707
945,17.643011
946,14.632839
947,16.891577
948,21.675085
949,17.578348
950,20.786615
951,15.3523655
952,20.538193
953,22.309458
954,17.391438
955,17.362661
956,13.243483
957,16.357018
958,19.816803
959,14.050422
960,25.130753
961,20.31937
962,13.710061
963,22.461
964,20.009027
965,16.461683
966,15.284469
967,18.5326
968,13.5191765
969,15.068974
970,16.745306
971,17.256233
972,21.493093
973,26.026611
974,19.046768
975,18.352936
976,16.23115
977,14.393273
978,18.067589
979,16.508625
980,17.211212
981,18.677387
982,13.842043
983,19.00416
984,15.907812
985,20.227274
986,14.37194
987,18.388348
988,17.145613
989,15.646455
990,19.720747
991,13.318782
992,23.864485
993,14.778942
994,14.424177
995,20.950119
996,14.442713
997,26.561855
998,13.865238
999,19.387035
1000,20.111704
1001,18.839533
