id,id,age
0,686,1.16198
1,687,1.16198
2,688,1.16198
3,689,1.16198
4,690,1.16198
5,691,1.16198
6,692,1.16198
7,693,1.16198
8,694,1.16198
9,695,1.16198
10,696,1.16198
11,697,1.16198
12,698,1.16198
13,699,1.16198
14,700,1.16198
15,701,1.16198
16,702,1.16198
17,703,1.16198
18,704,1.16198
19,705,1.16198
20,706,1.16198
21,707,1.16198
22,708,1.16198
23,709,1.16198
24,710,1.16198
25,711,1.16198
26,712,1.16198
27,713,1.16198
28,714,1.16198
29,715,1.16198
30,716,1.16198
31,717,1.16198
32,718,1.16198
33,719,1.16198
34,720,1.16198
35,721,1.16198
36,722,1.16198
37,723,1.16198
38,724,1.16198
39,725,1.16198
40,726,1.16198
41,727,1.16198
42,728,1.16198
43,729,1.16198
44,730,1.16198
45,731,1.16198
46,732,1.16198
47,733,1.16198
48,734,1.16198
49,735,1.16198
50,736,1.16198
51,737,1.16198
52,738,1.16198
53,739,1.16198
54,740,1.16198
55,741,1.16198
56,742,1.16198
57,743,1.16198
58,744,1.16198
59,745,1.16198
60,746,1.16198
61,747,1.16198
62,748,1.16198
63,749,1.16198
64,750,1.16198
65,751,1.16198
66,752,1.16198
67,753,1.16198
68,754,1.16198
69,755,1.16198
70,756,1.16198
71,757,1.16198
72,758,1.16198
73,759,1.16198
74,760,1.16198
75,761,1.16198
76,762,1.16198
77,763,1.16198
78,764,1.16198
79,765,1.16198
80,766,1.16198
81,767,1.16198
82,768,1.16198
83,769,1.16198
84,770,1.16198
85,771,1.16198
86,772,1.16198
87,773,1.16198
88,774,1.16198
89,775,1.16198
90,776,1.16198
91,777,1.16198
92,778,1.16198
93,779,1.16198
94,780,1.16198
95,781,1.16198
96,782,1.16198
97,783,1.16198
98,784,1.16198
99,785,1.16198
100,786,1.16198
101,787,1.16198
102,788,1.16198
103,789,1.16198
104,790,1.16198
105,791,1.16198
106,792,1.16198
107,793,1.16198
108,794,1.16198
109,795,1.16198
110,796,1.16198
111,797,1.16198
112,798,1.16198
113,799,1.16198
114,800,1.16198
115,801,1.16198
116,802,1.16198
117,803,1.16198
118,804,1.16198
119,805,1.16198
120,806,1.16198
121,807,1.16198
122,808,1.16198
123,809,1.16198
124,810,1.16198
125,811,1.16198
126,812,1.16198
127,813,1.16198
128,814,1.16198
129,815,1.16198
130,816,1.16198
131,817,1.16198
132,818,1.16198
133,819,1.16198
134,820,1.16198
135,821,1.16198
136,822,1.16198
137,823,1.16198
138,824,1.16198
139,825,1.16198
140,826,1.16198
141,827,1.16198
142,828,1.16198
143,829,1.16198
144,830,1.16198
145,831,1.16198
146,832,1.16198
147,833,1.16198
148,834,1.16198
149,835,1.16198
150,836,1.16198
151,837,1.16198
152,838,1.16198
153,839,1.16198
154,840,1.16198
155,841,1.16198
156,842,1.16198
157,843,1.16198
158,844,1.16198
159,845,1.16198
160,846,1.16198
161,847,1.16198
162,848,1.16198
163,849,1.16198
164,850,1.16198
165,851,1.16198
166,852,1.16198
167,853,1.16198
168,854,1.16198
169,855,1.16198
170,856,1.16198
171,857,1.16198
172,858,1.16198
173,859,1.16198
174,860,1.16198
175,861,1.16198
176,862,1.16198
177,863,1.16198
178,864,1.16198
179,865,1.16198
180,866,1.16198
181,867,1.16198
182,868,1.16198
183,869,1.16198
184,870,1.16198
185,871,1.16198
186,872,1.16198
187,873,1.16198
188,874,1.16198
189,875,1.16198
190,876,1.16198
191,877,1.16198
192,878,1.16198
193,879,1.16198
194,880,1.16198
195,881,1.16198
196,882,1.16198
197,883,1.16198
198,884,1.16198
199,885,1.16198
200,886,1.16198
201,887,1.16198
202,888,1.16198
203,889,1.16198
204,890,1.16198
205,891,1.16198
206,892,1.16198
207,893,1.16198
208,894,1.16198
209,895,1.16198
210,896,1.16198
211,897,1.16198
212,898,1.16198
213,899,1.16198
214,900,1.16198
215,901,1.16198
216,902,1.16198
217,903,1.16198
218,904,1.16198
219,905,1.16198
220,906,1.16198
221,907,1.16198
222,908,1.16198
223,909,1.16198
224,910,1.16198
225,911,1.16198
226,912,1.16198
227,913,1.16198
228,914,1.16198
229,915,1.16198
230,916,1.16198
231,917,1.16198
232,918,1.16198
233,919,1.16198
234,920,1.16198
235,921,1.16198
236,922,1.16198
237,923,1.16198
238,924,1.16198
239,925,1.16198
240,926,1.16198
241,927,1.16198
242,928,1.16198
243,929,1.16198
244,930,1.16198
245,931,1.16198
246,932,1.16198
247,933,1.16198
248,934,1.16198
249,935,1.16198
250,936,1.16198
251,937,1.16198
252,938,1.16198
253,939,1.16198
254,940,1.16198
255,941,1.16198
256,942,1.16198
257,943,1.16198
258,944,1.16198
259,945,1.16198
260,946,1.16198
261,947,1.16198
262,948,1.16198
263,949,1.16198
264,950,1.16198
265,951,1.16198
266,952,1.16198
267,953,1.16198
268,954,1.16198
269,955,1.16198
270,956,1.16198
271,957,1.16198
272,958,1.16198
273,959,1.16198
274,960,1.16198
275,961,1.16198
276,962,1.16198
277,963,1.16198
278,964,1.16198
279,965,1.16198
280,966,1.16198
281,967,1.16198
282,968,1.16198
283,969,1.16198
284,970,1.16198
285,971,1.16198
286,972,1.16198
287,973,1.16198
288,974,1.16198
289,975,1.16198
290,976,1.16198
291,977,1.16198
292,978,1.16198
293,979,1.16198
294,980,1.16198
295,981,1.16198
296,982,1.16198
297,983,1.16198
298,984,1.16198
299,985,1.16198
300,986,1.16198
301,987,1.16198
302,988,1.16198
303,989,1.16198
304,990,1.16198
305,991,1.16198
306,992,1.16198
307,993,1.16198
308,994,1.16198
309,995,1.16198
310,996,1.16198
311,997,1.16198
312,998,1.16198
313,999,1.16198
314,1000,1.16198
315,1001,1.16198
